function [  ] = SectionB( )
%UNTITLED Summary of this function goes here
%   Detailed explanation goes here
I =[0.018750000000000;
   0.057150452799122;
   0.026718750000000;
   0.067327884879254;
   0.128487326962424;
   0.205677702668655;
   0.186601468619534;
   0.309286414071012]

%Part C
%Damping factor Alpha      Niterations
%   .95                         36
%   .85                         21
%   .60                         9
%   .45                         7
%   .30                         5
end

